**** 3 ****
100
84;88;1;2;62;
79;78;1;2;
77;86;2;1;
98;95;2;1;
95;85;1;2;
91;81;2;1;
74;85;2;1;66;
89;73;2;1;71;
74;70;2;1;
98;90;2;1;72;
78;73;2;1;
73;89;2;1;
74;99;1;2;
87;99;1;2;
75;91;1;2;
75;77;2;1;75;
87;97;1;2;
79;97;2;1;
85;77;1;2;
77;74;1;2;72;
73;95;1;2;
75;82;1;2;
92;99;2;1;
93;73;2;1;
74;75;2;1;
99;94;2;1;
78;93;1;2;
80;75;1;2;
81;78;1;2;
80;88;1;2;
77;79;1;2;59;
80;99;2;1;
76;79;2;1;74;
70;90;1;2;
98;85;2;1;
99;84;2;1;
71;70;2;1;
99;98;1;2;
89;81;2;1;
93;89;2;1;68;
71;81;1;2;
92;88;1;2;
92;77;1;2;
82;75;2;1;69;
87;91;2;1;
95;94;2;1;
70;72;2;1;
97;80;2;1;
99;93;2;1;
86;83;2;1;59;
70;93;2;1;
99;82;2;1;
81;87;1;2;
71;78;2;1;57;
96;96;1;2;71;
92;72;1;2;
86;81;1;2;80;
93;98;1;2;
87;90;2;1;
71;86;2;1;
74;86;1;2;
77;77;2;1;
87;81;1;2;
83;85;1;2;68;
81;95;1;2;
82;94;2;1;
70;75;2;1;
81;99;1;2;
74;97;1;2;
93;70;1;2;
77;97;1;2;
74;85;1;2;
70;72;2;1;
73;92;1;2;55;
74;79;1;2;
84;81;2;1;72;
94;97;1;2;
80;94;1;2;
73;81;1;2;
70;90;1;2;
71;89;1;2;
97;71;1;2;
78;82;2;1;
97;77;2;1;64;
86;82;2;1;
83;72;1;2;
84;99;2;1;
85;97;1;2;
70;76;1;2;
86;70;1;2;
92;99;2;1;63;
78;91;1;2;
78;74;2;1;
74;86;2;1;
72;86;1;2;53;
97;78;1;2;
79;98;1;2;
91;74;1;2;
86;93;1;2;
84;88;1;2;
1;1;26;58;
2;1;23;125;
3;1;30;186;
4;1;14;263;
5;1;15;325;
6;1;24;398;
7;1;38;477;
8;1;17;565;
9;1;23;637;
10;1;31;712;
11;1;21;785;
12;1;18;847;
13;1;33;897;
14;1;16;977;
15;1;38;1046;
16;1;10;1139;
17;1;38;1181;
18;1;25;1260;
19;1;31;1328;
20;1;19;1407;
21;1;13;1480;
22;1;31;1525;
23;1;36;1614;
24;1;33;1686;
25;1;15;1754;
26;1;19;1821;
27;1;27;1883;
28;1;26;1941;
29;1;24;2014;
30;1;28;2075;
