**** 3 ****
100
30;35;1;2;
50;36;1;2;
24;32;1;2;
28;46;2;1;
26;48;2;1;
23;37;2;1;
36;44;1;2;
31;28;2;1;
28;34;1;2;
22;35;1;2;
47;20;2;1;
24;49;2;1;
44;28;2;1;
47;20;2;1;79;
36;25;1;2;59;
34;27;1;2;
24;49;2;1;
49;26;2;1;
48;43;2;1;
49;30;1;2;69;
30;42;1;2;
46;37;1;2;56;
26;43;2;1;
46;33;1;2;
49;36;2;1;64;
45;39;2;1;
25;43;1;2;
34;34;1;2;
25;49;1;2;
24;39;1;2;
50;50;1;2;70;
28;50;1;2;
45;33;1;2;
24;34;2;1;
28;38;2;1;
41;30;2;1;
32;42;2;1;
49;23;1;2;
28;43;1;2;50;
48;45;2;1;65;
22;50;1;2;57;
48;40;1;2;
46;33;1;2;74;
28;20;2;1;
47;20;2;1;
42;21;1;2;
43;49;2;1;
24;36;1;2;55;
34;45;1;2;
45;26;2;1;
42;44;2;1;
30;21;2;1;
20;38;2;1;
29;40;1;2;
39;28;1;2;
44;35;1;2;
33;30;1;2;65;
36;36;1;2;51;
21;20;2;1;
44;20;2;1;65;
45;48;1;2;
30;28;1;2;
47;41;2;1;66;
34;34;2;1;
31;46;2;1;
27;34;1;2;
39;22;2;1;
46;31;1;2;
40;47;1;2;
20;22;2;1;
32;28;1;2;77;
35;46;1;2;
46;44;1;2;
40;49;1;2;76;
49;37;1;2;
21;20;2;1;
21;24;1;2;
41;36;1;2;
31;37;1;2;56;
20;45;2;1;
23;50;2;1;
23;23;1;2;
45;46;1;2;
39;26;2;1;69;
20;31;2;1;
30;27;1;2;
39;32;1;2;63;
29;48;1;2;
27;26;2;1;
42;40;2;1;
43;28;2;1;57;
35;38;1;2;
36;40;2;1;
46;35;1;2;
21;36;2;1;59;
27;37;2;1;65;
44;46;1;2;53;
30;23;1;2;
23;37;2;1;
48;27;1;2;
1;1;52;43;
2;1;42;148;
3;1;41;246;
4;1;57;320;
5;1;44;431;
6;1;42;510;
7;1;48;585;
8;1;41;671;
9;1;55;766;
10;1;52;865;
11;1;50;947;
12;1;50;1054;
13;1;47;1157;
14;1;56;1254;
15;1;41;1343;
16;1;42;1414;
17;1;49;1490;
18;1;58;1596;
19;1;47;1688;
20;1;52;1776;
21;1;47;1868;
22;1;43;1949;
23;1;57;2048;
24;1;58;2158;
25;1;46;2276;
26;1;45;2366;
27;1;54;2461;
28;1;40;2550;
29;1;48;2637;
30;1;54;2730;
