**** 3 ****
100
23;12;1;2;
16;18;2;1;
16;16;1;2;
13;25;2;1;
29;24;1;2;56;
13;29;2;1;
19;11;2;1;
29;23;2;1;56;
15;10;2;1;
18;23;1;2;
10;21;1;2;
26;16;2;1;59;
16;13;1;2;
14;13;2;1;56;
18;26;1;2;
17;20;1;2;
17;18;2;1;
21;28;2;1;67;
23;25;2;1;76;
16;19;1;2;54;
10;19;2;1;
19;16;2;1;
19;12;2;1;
10;17;1;2;59;
19;23;1;2;
13;25;2;1;
16;18;1;2;
25;20;1;2;
17;20;2;1;
29;23;1;2;
18;18;2;1;77;
13;20;2;1;
15;12;2;1;
19;17;1;2;77;
25;27;2;1;
16;17;1;2;62;
29;11;2;1;
13;10;2;1;
17;11;1;2;
14;19;2;1;
14;23;2;1;80;
19;27;2;1;
10;23;1;2;
26;10;2;1;
20;24;2;1;60;
28;23;2;1;
18;18;2;1;80;
22;22;1;2;
26;27;2;1;
17;17;2;1;
13;10;2;1;61;
10;12;1;2;
10;24;1;2;
27;10;2;1;
20;10;1;2;
13;11;1;2;
20;12;1;2;
19;18;2;1;
17;24;2;1;74;
16;20;1;2;
27;13;2;1;
14;15;2;1;
20;20;2;1;54;
10;15;2;1;
23;25;2;1;
13;13;1;2;57;
13;13;1;2;
25;20;1;2;
15;14;1;2;
21;29;2;1;
24;21;2;1;
21;26;2;1;
21;17;1;2;77;
13;10;2;1;51;
20;21;2;1;75;
18;14;2;1;
22;18;2;1;
25;18;1;2;
11;20;2;1;66;
20;13;2;1;
10;13;2;1;
17;19;1;2;
15;16;1;2;
12;25;2;1;75;
27;14;2;1;66;
20;19;1;2;61;
13;25;1;2;
16;20;2;1;77;
17;23;2;1;
24;16;2;1;
16;12;2;1;76;
29;18;1;2;69;
25;20;1;2;
14;11;2;1;
27;27;1;2;
25;16;2;1;
11;13;1;2;
14;19;1;2;
20;11;1;2;
23;17;1;2;
1;1;17;38;
2;1;33;109;
3;1;37;172;
4;1;21;245;
5;1;28;309;
6;1;18;384;
7;1;28;445;
8;1;28;507;
9;1;27;591;
10;1;32;658;
11;1;11;745;
12;1;11;809;
13;1;31;863;
14;1;39;924;
15;1;29;1006;
16;1;13;1087;
17;1;29;1158;
18;1;34;1241;
19;1;20;1322;
20;1;10;1394;
21;1;11;1436;
22;1;27;1505;
23;1;19;1585;
24;1;24;1636;
25;1;40;1706;
26;1;23;1783;
27;1;12;1851;
28;1;11;1897;
29;1;37;1950;
30;1;10;2039;
