**** 3 ****
100
25;21;1;2;
20;26;1;2;
45;43;1;2;
20;34;2;1;58;
42;32;2;1;
46;48;2;1;
32;24;2;1;77;
39;24;1;2;68;
42;20;2;1;75;
29;37;2;1;67;
31;25;2;1;
47;44;1;2;
45;36;2;1;66;
22;41;1;2;
29;35;2;1;55;
27;36;2;1;
26;32;2;1;
24;31;1;2;
31;33;2;1;
32;36;1;2;
23;46;1;2;
24;41;2;1;
30;28;2;1;
36;50;2;1;
49;21;1;2;
20;47;1;2;
49;46;1;2;
33;44;1;2;
26;22;2;1;
37;39;1;2;
28;44;1;2;
20;35;1;2;
28;43;1;2;
33;47;2;1;76;
30;41;1;2;53;
47;31;1;2;71;
37;24;1;2;
22;26;1;2;
50;43;2;1;51;
44;34;1;2;71;
43;50;2;1;80;
49;22;2;1;
37;45;2;1;
35;38;1;2;
35;23;2;1;
36;29;1;2;58;
35;30;1;2;
24;29;1;2;64;
48;44;1;2;66;
26;23;1;2;
44;50;2;1;
34;25;1;2;
41;32;1;2;
27;23;1;2;50;
24;25;1;2;
20;20;2;1;57;
31;46;1;2;
37;38;2;1;
48;46;2;1;
40;40;1;2;
25;37;2;1;
45;45;2;1;
21;42;2;1;
26;34;2;1;
43;48;1;2;
30;45;2;1;
50;47;1;2;
49;37;2;1;
44;49;2;1;
27;40;1;2;56;
44;47;1;2;
32;23;2;1;
22;40;2;1;69;
48;49;2;1;
33;30;2;1;72;
27;20;2;1;
41;39;2;1;80;
23;36;2;1;
42;49;2;1;
26;29;1;2;
48;41;1;2;
46;46;1;2;
44;46;1;2;
41;44;2;1;54;
28;24;2;1;
21;47;2;1;
44;35;2;1;
26;26;1;2;
34;29;2;1;
26;22;2;1;55;
43;26;1;2;
38;35;2;1;
28;45;2;1;
26;47;2;1;52;
28;46;2;1;51;
46;22;2;1;
46;40;1;2;69;
30;29;1;2;73;
26;42;2;1;
38;22;2;1;
1;1;7;52;
2;1;13;119;
3;1;6;191;
4;1;6;231;
5;1;14;288;
6;1;12;355;
7;1;11;422;
8;1;12;492;
9;1;7;564;
10;1;10;624;
11;1;12;681;
12;1;9;732;
13;1;5;778;
14;1;10;842;
15;1;5;900;
16;1;10;951;
17;1;14;1010;
18;1;6;1056;
19;1;13;1108;
20;1;9;1164;
21;1;7;1215;
22;1;6;1281;
23;1;11;1340;
24;1;6;1410;
25;1;11;1464;
26;1;10;1506;
27;1;12;1567;
28;1;6;1633;
29;1;5;1694;
30;1;9;1737;
