**** 3 ****
100
49;46;2;1;
47;23;1;2;
44;23;1;2;
44;50;1;2;57;
42;24;2;1;
32;34;1;2;77;
45;20;1;2;67;
24;26;2;1;80;
49;35;2;1;
30;45;2;1;
44;26;1;2;
20;46;1;2;69;
42;24;1;2;79;
49;23;2;1;
34;48;2;1;
36;32;2;1;
32;23;2;1;
25;29;1;2;
40;35;1;2;
22;41;1;2;
45;21;1;2;67;
49;21;1;2;
26;21;2;1;
40;22;2;1;
29;41;2;1;
40;22;2;1;
32;38;2;1;
46;42;2;1;
50;29;2;1;
24;43;2;1;
44;49;1;2;
50;39;1;2;
46;47;1;2;
33;47;2;1;
21;37;2;1;
48;35;2;1;
25;31;2;1;79;
43;39;1;2;
35;35;2;1;
20;45;2;1;69;
24;32;1;2;
32;37;2;1;68;
39;28;2;1;66;
24;29;2;1;
39;25;1;2;
45;20;2;1;
44;45;1;2;
37;30;1;2;67;
25;48;2;1;
41;40;2;1;
29;50;1;2;
23;29;2;1;70;
28;20;2;1;66;
48;45;2;1;
48;31;2;1;
22;36;2;1;
45;20;1;2;
21;46;1;2;75;
37;34;1;2;53;
39;36;2;1;79;
46;29;2;1;60;
32;47;1;2;
41;47;1;2;56;
29;20;2;1;
31;41;2;1;
34;36;2;1;
27;31;2;1;
21;46;2;1;
35;38;1;2;
49;42;1;2;
50;33;2;1;53;
30;34;2;1;80;
29;47;1;2;
36;35;1;2;
34;41;1;2;
23;32;2;1;79;
39;35;1;2;68;
27;28;2;1;66;
48;24;2;1;71;
43;50;1;2;
50;36;1;2;
26;49;1;2;59;
45;50;2;1;64;
31;38;1;2;
29;34;1;2;73;
25;28;1;2;
48;35;2;1;50;
49;23;2;1;
41;35;2;1;
50;38;2;1;
25;41;2;1;67;
25;28;1;2;64;
46;47;1;2;
43;44;1;2;
33;24;2;1;
28;50;2;1;
40;47;2;1;
21;27;1;2;60;
47;46;1;2;62;
46;21;2;1;
1;1;19;40;
2;1;18;105;
3;1;29;155;
4;1;26;224;
5;1;39;283;
6;1;37;379;
7;1;18;473;
8;1;28;547;
9;1;33;626;
10;1;24;694;
