**** 3 ****
100
45;43;1;2;
43;49;2;1;66;
42;23;1;2;
45;47;2;1;
50;37;2;1;
35;48;2;1;74;
50;27;1;2;
34;31;2;1;
44;20;1;2;62;
38;25;2;1;
42;38;2;1;80;
31;42;2;1;
28;24;1;2;
25;42;2;1;
49;29;1;2;
47;44;1;2;
28;32;1;2;
48;25;1;2;
49;36;1;2;68;
35;48;1;2;
38;25;2;1;
20;37;2;1;72;
27;41;1;2;
28;37;1;2;
41;37;1;2;
42;33;1;2;62;
26;26;1;2;
27;31;2;1;
26;25;1;2;
31;46;2;1;
25;50;2;1;51;
23;35;2;1;
48;27;1;2;
30;23;2;1;58;
26;37;2;1;
35;45;2;1;71;
32;32;2;1;
42;21;1;2;
43;21;1;2;
24;24;1;2;68;
49;33;1;2;80;
43;39;1;2;80;
49;34;2;1;
50;25;1;2;57;
31;35;2;1;
25;20;1;2;
44;23;2;1;
41;20;1;2;
31;25;2;1;
21;45;1;2;
33;24;2;1;
40;31;1;2;
45;35;2;1;
43;31;1;2;
28;34;1;2;
31;30;1;2;
27;21;2;1;
27;46;2;1;
35;25;1;2;70;
47;26;1;2;
29;28;2;1;
49;35;1;2;
48;22;1;2;
48;21;2;1;
28;26;2;1;
31;30;2;1;
23;31;2;1;56;
33;35;2;1;
40;46;2;1;54;
22;37;1;2;
30;35;1;2;58;
36;21;1;2;
40;41;1;2;
25;21;2;1;
48;36;1;2;57;
50;36;2;1;
26;37;2;1;
36;39;2;1;
34;32;2;1;
37;37;2;1;57;
43;41;2;1;
22;43;2;1;65;
23;48;1;2;66;
49;26;1;2;
30;38;1;2;
29;21;2;1;
31;29;1;2;
47;31;2;1;67;
31;32;1;2;
24;26;2;1;
39;30;1;2;62;
29;36;1;2;
33;41;1;2;79;
34;25;1;2;
22;23;2;1;
36;21;1;2;
27;50;1;2;
22;34;2;1;53;
30;39;2;1;
47;28;1;2;
1;1;37;59;
2;1;21;132;
3;1;36;193;
4;1;21;275;
5;1;18;344;
6;1;19;412;
7;1;10;480;
8;1;28;542;
9;1;26;611;
10;1;24;696;
11;1;13;760;
12;1;31;810;
13;1;29;879;
14;1;10;949;
15;1;34;1012;
16;1;28;1092;
17;1;19;1171;
18;1;36;1226;
19;1;21;1297;
20;1;11;1356;
21;1;25;1422;
22;1;12;1479;
23;1;24;1526;
24;1;32;1586;
25;1;24;1670;
26;1;21;1746;
27;1;32;1827;
28;1;18;1894;
29;1;35;1971;
30;1;23;2060;
