**** 3 ****
100
28;26;2;1;64;
38;49;2;1;
38;20;2;1;69;
26;42;2;1;
36;32;2;1;73;
23;26;1;2;
33;29;1;2;
24;48;2;1;
20;20;2;1;55;
41;46;1;2;68;
37;29;1;2;61;
44;35;2;1;
34;33;1;2;
27;33;2;1;
27;37;2;1;71;
33;33;1;2;
20;38;1;2;
26;45;1;2;
27;47;2;1;
43;25;1;2;
29;36;1;2;65;
41;23;1;2;
23;30;2;1;
49;35;2;1;79;
36;26;2;1;57;
45;44;2;1;
46;43;1;2;76;
31;44;1;2;
21;28;2;1;
24;29;1;2;
50;30;1;2;
46;28;1;2;56;
50;41;2;1;
32;36;2;1;77;
38;37;2;1;
42;36;2;1;
27;22;1;2;
45;49;1;2;
29;49;1;2;
29;24;1;2;79;
31;45;1;2;
31;43;2;1;
42;42;2;1;
36;39;1;2;
37;29;1;2;
22;33;1;2;
36;35;2;1;
33;38;2;1;
41;42;1;2;
41;28;1;2;
34;22;2;1;
40;41;1;2;57;
36;27;1;2;
32;20;2;1;
50;43;1;2;
42;30;2;1;
23;33;2;1;75;
49;39;1;2;68;
32;46;2;1;
43;43;1;2;
28;43;1;2;
33;29;1;2;
43;47;1;2;
43;25;2;1;56;
39;37;1;2;
39;40;2;1;
37;40;1;2;
48;43;1;2;80;
45;39;1;2;
21;44;2;1;
38;40;2;1;
44;37;2;1;57;
47;33;2;1;
22;42;1;2;50;
28;45;1;2;
29;20;2;1;
21;45;1;2;
29;35;1;2;
43;46;1;2;77;
44;40;1;2;
47;49;2;1;68;
33;27;2;1;57;
33;33;2;1;
33;40;2;1;69;
41;34;1;2;
30;45;2;1;52;
27;37;2;1;
22;46;2;1;
37;31;2;1;
39;29;1;2;
31;33;2;1;
46;35;2;1;
34;42;2;1;
21;47;2;1;
40;35;2;1;
43;35;2;1;56;
38;28;2;1;
48;40;1;2;
24;41;1;2;
22;45;2;1;
1;1;39;42;
2;1;32;128;
3;1;28;219;
4;1;20;300;
5;1;18;357;
6;1;18;407;
7;1;23;472;
8;1;30;544;
9;1;38;626;
10;1;39;705;
11;1;29;782;
12;1;19;850;
13;1;17;926;
14;1;28;984;
15;1;29;1066;
16;1;34;1146;
17;1;21;1228;
18;1;21;1304;
19;1;23;1380;
20;1;18;1433;
