**** 3 ****
100
30;30;2;1;
25;23;2;1;
34;26;2;1;
22;23;1;2;
27;40;2;1;60;
32;38;1;2;
40;39;1;2;
41;50;1;2;
49;46;1;2;
20;48;2;1;
36;24;1;2;
38;37;1;2;
31;47;2;1;
31;44;1;2;
45;28;2;1;
21;44;2;1;
46;49;2;1;
22;47;2;1;
35;29;2;1;
31;30;1;2;
34;32;2;1;
46;27;1;2;
20;27;1;2;
43;43;1;2;
40;36;2;1;76;
39;36;2;1;
43;25;1;2;59;
49;44;2;1;61;
31;46;1;2;
35;43;1;2;
37;42;1;2;
47;49;1;2;74;
48;36;1;2;
35;29;2;1;
25;47;1;2;
47;36;2;1;
32;43;1;2;
23;32;2;1;
45;40;1;2;
24;48;1;2;65;
36;44;2;1;
48;34;1;2;
30;21;2;1;76;
40;20;2;1;
27;27;2;1;
26;25;2;1;
29;35;2;1;
29;38;2;1;
37;27;2;1;78;
24;33;2;1;
42;35;1;2;59;
35;39;2;1;
35;45;1;2;
44;20;1;2;
35;44;1;2;62;
49;22;2;1;
23;33;1;2;
40;24;2;1;
40;27;2;1;60;
50;35;1;2;
37;33;2;1;
35;46;2;1;
48;20;2;1;
28;25;2;1;
44;29;1;2;55;
36;43;1;2;
50;29;2;1;
50;23;2;1;
33;32;2;1;
39;35;2;1;
28;35;2;1;
42;49;2;1;
47;34;1;2;
39;33;1;2;59;
27;26;1;2;
21;49;1;2;
29;43;1;2;
45;23;2;1;78;
44;47;2;1;78;
36;31;1;2;
44;48;2;1;
35;48;2;1;
45;50;1;2;
40;32;1;2;
37;34;1;2;55;
39;45;2;1;
31;36;2;1;
41;24;2;1;
22;25;2;1;
23;23;2;1;53;
27;50;2;1;
38;37;1;2;73;
48;32;2;1;
42;21;1;2;77;
40;31;1;2;
21;47;1;2;66;
44;26;2;1;68;
34;50;2;1;
30;39;1;2;
46;44;1;2;
1;1;40;56;
2;1;18;139;
3;1;40;207;
4;1;12;283;
5;1;16;335;
6;1;33;407;
7;1;25;482;
8;1;25;566;
9;1;28;650;
10;1;17;709;
11;1;39;774;
12;1;39;853;
13;1;30;935;
14;1;16;1002;
15;1;29;1051;
16;1;18;1117;
17;1;22;1194;
18;1;27;1246;
19;1;31;1327;
20;1;23;1390;
21;1;28;1467;
22;1;27;1543;
23;1;11;1606;
24;1;21;1659;
25;1;10;1715;
26;1;25;1763;
27;1;16;1846;
28;1;40;1893;
29;1;27;1968;
30;1;14;2026;
