**** 3 ****
100
22;43;1;2;
38;35;1;2;71;
35;46;1;2;
41;35;2;1;
44;22;2;1;
44;32;2;1;
35;38;1;2;
34;42;1;2;
50;42;1;2;
33;37;2;1;74;
48;27;1;2;
45;42;2;1;78;
23;48;2;1;
43;23;1;2;
31;50;2;1;
45;47;2;1;
27;24;2;1;
28;45;2;1;78;
39;35;2;1;
38;39;2;1;
38;48;1;2;
27;41;2;1;
46;44;1;2;
40;48;1;2;
31;31;2;1;
46;38;1;2;
24;40;2;1;
26;43;1;2;55;
32;31;1;2;
31;39;2;1;
27;47;2;1;
46;33;1;2;
29;42;1;2;
36;20;2;1;
29;36;1;2;74;
21;47;1;2;62;
41;32;1;2;
37;24;2;1;60;
20;47;1;2;68;
44;47;1;2;
27;34;2;1;
47;25;2;1;65;
43;23;2;1;
47;31;1;2;
30;35;2;1;
28;25;2;1;
34;29;1;2;
32;37;1;2;
22;29;1;2;
24;33;1;2;
21;32;2;1;
26;46;1;2;
33;35;1;2;72;
45;45;2;1;
34;29;2;1;
35;31;1;2;
49;41;2;1;
47;21;2;1;80;
24;34;1;2;
25;22;2;1;
22;34;2;1;
35;26;2;1;
34;22;2;1;
34;38;1;2;
40;44;2;1;
46;29;2;1;66;
28;28;1;2;62;
46;26;2;1;
27;20;2;1;67;
39;42;2;1;
27;31;1;2;75;
21;34;1;2;
36;39;2;1;
36;28;1;2;
45;23;2;1;
27;45;1;2;
33;27;1;2;
34;42;1;2;
38;37;2;1;
38;34;2;1;50;
28;36;2;1;
32;35;1;2;
29;37;2;1;
30;41;1;2;65;
37;20;1;2;
24;44;1;2;
28;28;2;1;54;
50;50;1;2;
27;23;1;2;
39;41;2;1;
32;32;2;1;56;
23;21;2;1;
20;24;2;1;73;
27;35;1;2;
27;28;1;2;
41;25;2;1;
28;33;2;1;
26;32;1;2;
28;41;2;1;
20;43;1;2;
1;1;38;54;
2;1;20;142;
3;1;23;207;
4;1;22;279;
5;1;31;341;
6;1;11;408;
7;1;31;472;
8;1;13;541;
9;1;22;595;
10;1;15;669;
11;1;11;737;
12;1;15;805;
13;1;33;866;
14;1;17;952;
15;1;10;1013;
16;1;36;1078;
17;1;37;1164;
18;1;27;1245;
19;1;11;1312;
20;1;24;1374;
21;1;13;1452;
22;1;22;1519;
23;1;19;1599;
24;1;18;1649;
25;1;27;1699;
26;1;28;1765;
27;1;28;1830;
28;1;32;1893;
29;1;20;1955;
30;1;34;2017;
31;1;26;2103;
32;1;33;2163;
33;1;16;2244;
34;1;37;2299;
35;1;23;2380;
36;1;29;2442;
37;1;20;2522;
38;1;38;2596;
39;1;25;2668;
40;1;21;2741;
41;1;37;2813;
42;1;39;2895;
43;1;28;2984;
44;1;25;3060;
45;1;16;3141;
46;1;17;3216;
47;1;19;3269;
48;1;40;3331;
49;1;18;3428;
50;1;21;3488;
