**** 3 ****
100
32;45;1;2;
45;48;1;2;
25;26;2;1;67;
28;47;1;2;
49;44;1;2;
21;48;2;1;
32;24;1;2;
21;31;1;2;
36;28;1;2;
21;34;1;2;
35;37;1;2;
49;45;1;2;
37;32;1;2;
44;23;1;2;
36;45;1;2;
41;40;1;2;69;
32;39;1;2;
44;22;2;1;
30;21;1;2;70;
33;50;2;1;
26;42;1;2;
38;46;1;2;
38;36;2;1;
47;45;2;1;
31;42;1;2;56;
39;37;2;1;
45;41;2;1;56;
40;26;1;2;61;
27;50;2;1;
43;50;2;1;
30;48;1;2;
23;29;2;1;
31;42;1;2;
30;24;2;1;63;
26;43;2;1;56;
49;25;1;2;
48;43;2;1;59;
46;22;2;1;
39;31;2;1;
49;43;2;1;
50;32;1;2;
33;38;2;1;71;
25;35;1;2;
20;41;2;1;
45;39;1;2;
30;27;2;1;
42;37;1;2;
43;44;1;2;
40;34;1;2;
26;45;1;2;
49;42;2;1;
29;36;2;1;
34;48;2;1;
50;38;2;1;
33;35;2;1;
47;21;2;1;67;
29;42;1;2;
20;22;2;1;67;
20;28;1;2;
24;29;2;1;
36;47;1;2;
22;27;2;1;
42;48;2;1;63;
28;41;1;2;
46;42;1;2;
50;46;1;2;
43;38;1;2;
43;24;1;2;
47;44;2;1;
32;40;2;1;
33;24;1;2;68;
34;26;1;2;
37;28;1;2;
31;43;1;2;
33;34;1;2;
28;27;2;1;
47;38;2;1;
31;37;1;2;
21;39;1;2;50;
38;26;1;2;
34;28;2;1;
26;46;1;2;
34;23;1;2;
24;43;1;2;
40;34;2;1;
40;24;2;1;51;
48;48;1;2;
22;46;1;2;
32;25;1;2;
45;24;2;1;
31;44;2;1;
34;44;2;1;
25;25;2;1;
47;29;2;1;
32;37;1;2;
26;33;2;1;
27;20;1;2;69;
27;50;1;2;
36;32;1;2;62;
43;26;1;2;
1;1;13;54;
2;1;14;119;
3;1;28;168;
4;1;19;240;
5;1;28;319;
6;1;35;380;
7;1;33;446;
8;1;11;509;
9;1;31;553;
10;1;14;624;
11;1;30;670;
12;1;11;757;
13;1;32;807;
14;1;34;869;
15;1;17;952;
16;1;37;1009;
17;1;36;1106;
18;1;37;1177;
19;1;20;1255;
20;1;13;1330;
21;1;22;1400;
22;1;26;1454;
23;1;33;1518;
24;1;36;1597;
25;1;23;1678;
26;1;40;1740;
27;1;17;1817;
28;1;10;1884;
29;1;40;1936;
30;1;25;2026;
31;1;30;2095;
32;1;15;2160;
33;1;10;2210;
34;1;16;2250;
35;1;23;2308;
36;1;28;2365;
37;1;26;2448;
38;1;30;2504;
39;1;18;2585;
40;1;29;2635;
