**** 3 ****
100
24;23;1;2;
27;22;1;2;
24;32;1;2;
24;42;2;1;
41;25;2;1;
43;41;2;1;57;
45;36;1;2;64;
35;20;1;2;
39;32;2;1;77;
32;47;2;1;
33;41;2;1;
40;45;1;2;53;
39;33;2;1;56;
47;28;2;1;72;
31;21;1;2;74;
48;27;1;2;52;
47;28;2;1;
29;20;1;2;
26;45;2;1;
32;22;2;1;
20;37;1;2;
34;31;1;2;70;
20;46;2;1;66;
25;45;1;2;
39;37;2;1;80;
43;46;1;2;
34;21;1;2;
39;48;2;1;53;
45;32;2;1;57;
42;24;1;2;51;
41;22;2;1;
50;41;2;1;63;
29;41;1;2;
43;35;1;2;72;
36;26;1;2;51;
37;33;1;2;64;
38;43;1;2;60;
32;36;1;2;
25;34;2;1;
39;36;1;2;70;
26;49;1;2;58;
23;20;2;1;79;
26;24;1;2;
43;26;2;1;70;
24;25;2;1;
21;44;1;2;
46;20;2;1;
28;36;1;2;72;
35;37;1;2;
43;40;2;1;59;
30;23;1;2;
21;49;2;1;71;
45;20;2;1;56;
42;45;1;2;
22;30;2;1;
49;21;1;2;
40;43;1;2;74;
23;20;1;2;
36;33;2;1;
43;43;1;2;64;
30;28;2;1;
41;35;1;2;
30;34;1;2;64;
34;29;1;2;
40;48;1;2;50;
29;34;1;2;72;
43;33;1;2;80;
48;32;2;1;51;
34;30;1;2;
20;25;2;1;57;
30;30;2;1;70;
46;23;2;1;
45;20;1;2;71;
28;48;2;1;
49;33;1;2;
25;36;1;2;64;
25;29;1;2;76;
50;22;2;1;75;
30;31;2;1;62;
26;20;1;2;71;
42;28;1;2;
37;27;1;2;
39;29;1;2;
25;31;1;2;
24;43;2;1;
49;49;1;2;
43;33;2;1;62;
30;36;2;1;75;
36;23;1;2;
38;43;2;1;71;
30;46;2;1;
46;21;1;2;78;
22;48;2;1;
32;35;1;2;67;
27;28;1;2;
30;24;2;1;65;
28;27;2;1;
47;41;1;2;54;
24;38;2;1;56;
37;50;1;2;
1;1;24;60;
2;1;29;127;
3;1;10;195;
4;1;31;254;
5;1;27;320;
6;1;38;383;
7;1;23;469;
8;1;38;535;
9;1;31;611;
10;1;11;683;
11;1;14;728;
12;1;10;782;
13;1;35;847;
14;1;35;941;
15;1;23;1034;
16;1;30;1102;
17;1;10;1178;
18;1;32;1238;
19;1;24;1311;
20;1;13;1373;
21;1;38;1435;
22;1;15;1508;
23;1;27;1583;
24;1;34;1665;
25;1;31;1741;
26;1;31;1826;
27;1;21;1914;
28;1;16;1971;
29;1;37;2037;
30;1;29;2113;
