**** 3 ****
100
50;44;1;2;
36;27;2;1;
37;44;1;2;
29;20;2;1;
20;29;1;2;
32;20;2;1;
22;38;2;1;75;
31;47;1;2;75;
48;35;2;1;
41;48;2;1;
40;27;1;2;62;
22;50;1;2;
23;27;1;2;
22;40;2;1;59;
47;43;1;2;
22;45;1;2;78;
22;24;1;2;
44;29;1;2;
40;20;1;2;
27;37;2;1;
32;46;1;2;
48;42;2;1;
37;30;2;1;68;
26;50;2;1;54;
36;21;2;1;
47;47;1;2;
46;48;1;2;
26;48;2;1;68;
49;39;2;1;65;
24;36;2;1;53;
28;42;1;2;
34;33;1;2;
37;20;1;2;
26;28;1;2;
26;41;1;2;
35;23;1;2;
49;44;2;1;
36;37;1;2;
26;38;1;2;
29;42;1;2;
28;21;2;1;
33;23;2;1;75;
22;39;2;1;
29;20;2;1;
21;46;1;2;67;
44;26;1;2;
48;46;2;1;63;
22;41;1;2;
33;38;1;2;61;
49;35;1;2;
28;44;1;2;71;
43;46;1;2;
30;48;2;1;
38;48;1;2;
20;21;2;1;
42;42;1;2;
35;42;2;1;61;
34;48;1;2;
42;36;2;1;56;
48;44;2;1;
24;27;1;2;54;
38;44;2;1;62;
22;33;2;1;65;
35;20;1;2;
35;42;1;2;72;
20;29;2;1;
20;34;1;2;
29;36;2;1;74;
34;44;2;1;54;
25;47;1;2;67;
21;46;2;1;
34;29;1;2;59;
32;25;2;1;56;
32;37;1;2;53;
34;39;1;2;79;
42;35;2;1;
37;37;1;2;
44;30;2;1;
28;31;1;2;71;
36;35;1;2;66;
47;40;2;1;72;
41;36;2;1;
50;22;1;2;
34;32;1;2;55;
27;33;2;1;60;
36;44;2;1;56;
25;26;1;2;
47;26;1;2;
20;48;2;1;
47;22;1;2;
35;37;1;2;
46;48;1;2;
35;38;1;2;
36;22;2;1;50;
30;22;1;2;
37;37;2;1;
29;33;1;2;
25;21;1;2;
47;47;1;2;
42;38;1;2;
1;1;18;39;
2;1;28;94;
3;1;10;174;
4;1;10;237;
5;1;24;297;
6;1;38;356;
7;1;35;448;
8;1;22;535;
9;1;39;610;
10;1;37;693;
11;1;40;778;
12;1;40;849;
13;1;13;945;
14;1;16;989;
15;1;35;1050;
16;1;27;1135;
17;1;40;1219;
18;1;11;1310;
19;1;37;1380;
20;1;37;1461;
21;1;10;1551;
22;1;25;1597;
23;1;17;1653;
24;1;21;1719;
25;1;20;1773;
26;1;16;1836;
27;1;15;1909;
28;1;35;1966;
29;1;28;2036;
30;1;19;2096;
