**** 3 ****
100
21;26;2;1;
45;33;2;1;
48;22;1;2;
47;37;2;1;
32;39;2;1;
21;37;2;1;
35;30;1;2;
34;36;1;2;
20;38;1;2;
41;25;2;1;
42;34;2;1;
40;43;1;2;
38;41;2;1;70;
42;44;1;2;
44;21;1;2;
50;36;2;1;
26;33;1;2;
24;27;1;2;71;
39;30;1;2;
44;39;2;1;
43;34;2;1;
34;41;1;2;
43;27;2;1;
32;24;2;1;
44;45;2;1;
43;37;2;1;
29;34;2;1;
21;25;1;2;
41;49;1;2;
50;39;2;1;
37;42;1;2;
25;30;1;2;
25;46;1;2;
24;37;2;1;
49;21;2;1;
31;22;1;2;
46;43;1;2;
27;42;2;1;
26;24;1;2;71;
29;33;2;1;72;
29;28;1;2;79;
25;41;1;2;
31;20;1;2;56;
44;37;2;1;
31;34;1;2;
39;32;2;1;
26;35;2;1;
25;40;2;1;
24;36;1;2;
34;46;2;1;
41;25;1;2;
35;48;2;1;
38;28;1;2;
34;21;1;2;
37;23;2;1;
23;44;2;1;
36;32;1;2;73;
20;44;2;1;
49;28;1;2;
22;21;2;1;
49;29;1;2;
45;50;2;1;
23;38;1;2;
35;27;2;1;64;
29;42;2;1;
43;28;2;1;
26;34;1;2;
39;35;1;2;
31;24;2;1;
23;39;2;1;
39;20;1;2;55;
24;40;1;2;
22;35;2;1;
26;34;2;1;
42;30;2;1;
28;20;1;2;
47;25;2;1;
22;31;1;2;
44;38;1;2;
35;43;1;2;
48;38;1;2;
45;28;1;2;
28;31;1;2;
40;26;2;1;
31;39;2;1;
36;30;2;1;
30;34;1;2;68;
25;42;1;2;
42;48;2;1;72;
41;21;1;2;
33;39;2;1;
40;33;1;2;
48;50;2;1;
31;43;2;1;71;
30;32;2;1;68;
40;50;2;1;
38;30;1;2;
41;44;1;2;
29;39;1;2;
28;48;1;2;
1;1;31;50;
2;1;16;122;
3;1;30;180;
4;1;16;257;
5;1;22;313;
6;1;22;373;
7;1;36;427;
8;1;35;495;
9;1;26;568;
10;1;13;632;
11;1;13;676;
12;1;33;749;
13;1;30;841;
14;1;25;922;
15;1;11;991;
16;1;13;1052;
17;1;30;1113;
18;1;14;1186;
19;1;20;1251;
20;1;21;1319;
21;1;36;1375;
22;1;32;1447;
23;1;27;1528;
24;1;40;1603;
25;1;40;1674;
26;1;17;1758;
27;1;25;1807;
28;1;40;1867;
29;1;15;1943;
30;1;30;1995;
