**** 3 ****
100
44;49;1;2;64;
35;32;2;1;79;
25;40;2;1;65;
33;40;2;1;
38;38;1;2;63;
46;26;2;1;55;
21;33;2;1;78;
25;30;2;1;
35;38;2;1;
50;26;2;1;52;
49;43;1;2;55;
40;36;1;2;
30;26;2;1;
33;44;1;2;69;
47;42;1;2;63;
37;35;1;2;57;
25;36;2;1;
43;49;2;1;
23;44;1;2;
27;35;2;1;
26;45;1;2;
43;30;1;2;55;
34;24;2;1;62;
30;32;1;2;64;
44;37;2;1;
46;31;2;1;59;
20;24;1;2;
47;44;1;2;51;
28;27;1;2;79;
41;28;1;2;53;
27;49;2;1;80;
49;40;2;1;58;
32;33;1;2;79;
24;48;2;1;
36;27;2;1;65;
40;40;2;1;
42;33;1;2;68;
23;33;2;1;72;
32;50;1;2;51;
38;32;2;1;
42;33;1;2;66;
31;47;1;2;70;
40;44;2;1;53;
43;25;2;1;
38;25;2;1;
32;22;1;2;
50;29;2;1;75;
21;20;1;2;80;
24;26;1;2;
46;46;2;1;53;
27;27;1;2;
46;46;1;2;
47;42;2;1;61;
46;36;2;1;51;
32;28;2;1;80;
41;28;2;1;
20;29;2;1;73;
47;32;1;2;
41;50;1;2;
23;50;2;1;
35;44;2;1;50;
33;46;1;2;76;
43;43;1;2;54;
44;35;1;2;
37;24;1;2;51;
24;47;1;2;
20;48;1;2;50;
36;29;2;1;57;
38;27;2;1;52;
46;47;2;1;59;
50;22;2;1;
22;26;1;2;58;
49;20;2;1;57;
47;42;2;1;55;
26;34;1;2;80;
46;39;2;1;
41;43;1;2;60;
46;32;2;1;55;
49;23;1;2;
33;23;2;1;
45;29;2;1;56;
36;37;1;2;
38;35;2;1;64;
42;30;2;1;66;
31;41;1;2;68;
38;44;2;1;
33;42;2;1;
32;48;1;2;
49;49;1;2;55;
27;41;1;2;66;
42;26;2;1;
37;47;1;2;
38;48;1;2;
30;34;2;1;
43;42;1;2;73;
48;39;2;1;64;
43;22;2;1;70;
36;27;1;2;63;
49;46;2;1;79;
27;42;1;2;58;
1;1;34;37;
2;1;37;112;
3;1;36;208;
4;1;36;303;
5;1;10;381;
6;1;23;422;
7;1;38;499;
8;1;10;580;
9;1;27;625;
10;1;37;703;
11;1;27;779;
12;1;35;840;
13;1;13;919;
14;1;11;984;
15;1;13;1044;
16;1;37;1093;
17;1;27;1163;
18;1;12;1242;
19;1;33;1302;
20;1;14;1372;
21;1;24;1419;
22;1;29;1488;
23;1;35;1567;
24;1;38;1638;
25;1;18;1708;
26;1;15;1775;
27;1;34;1821;
28;1;13;1908;
29;1;31;1972;
30;1;40;2039;
