**** 3 ****
100
35;43;1;2;
33;36;1;2;
43;23;2;1;
24;27;2;1;72;
46;32;1;2;
29;38;1;2;
48;45;1;2;
37;41;1;2;
32;40;1;2;62;
24;27;1;2;
20;44;1;2;
49;46;1;2;
32;38;1;2;
42;41;2;1;
38;24;2;1;
30;27;2;1;74;
29;29;2;1;
40;48;2;1;
41;50;2;1;
24;35;1;2;
50;28;2;1;
22;40;1;2;
26;41;1;2;53;
29;29;2;1;51;
21;45;1;2;
47;24;1;2;
41;24;2;1;
29;44;1;2;
35;50;2;1;
23;34;2;1;
29;41;1;2;
33;31;2;1;
23;30;2;1;
35;41;1;2;
34;43;1;2;
27;26;2;1;
21;31;2;1;
31;26;1;2;
40;47;2;1;58;
43;39;1;2;
38;40;2;1;
24;31;1;2;
42;34;2;1;72;
28;26;1;2;
26;32;2;1;58;
41;31;1;2;
33;36;2;1;
41;33;2;1;
28;47;2;1;
45;20;1;2;60;
24;43;1;2;
47;45;1;2;
44;50;2;1;
26;22;2;1;
36;29;2;1;
40;38;1;2;
27;46;2;1;
39;38;1;2;
40;26;1;2;
31;38;1;2;
29;48;2;1;
25;29;1;2;77;
45;30;1;2;
38;47;2;1;
50;26;1;2;58;
46;25;1;2;
43;29;1;2;
46;44;2;1;52;
39;40;2;1;70;
38;38;2;1;76;
34;44;1;2;
31;47;1;2;75;
20;48;1;2;
48;24;2;1;
21;36;1;2;
47;30;1;2;
30;32;2;1;
47;25;2;1;
39;40;2;1;
47;37;2;1;71;
42;34;2;1;
49;25;2;1;78;
42;45;1;2;58;
43;32;1;2;
40;45;2;1;
22;45;1;2;
45;21;2;1;
38;29;2;1;70;
20;45;2;1;
40;46;2;1;
44;45;1;2;
41;34;1;2;
50;32;2;1;58;
26;34;2;1;
39;50;2;1;
37;38;1;2;59;
21;26;1;2;
30;33;1;2;
40;33;1;2;
41;47;1;2;
1;1;32;48;
2;1;11;135;
3;1;13;200;
4;1;40;264;
5;1;29;347;
6;1;31;417;
7;1;16;508;
8;1;32;583;
9;1;15;670;
10;1;32;733;
11;1;27;825;
12;1;32;903;
13;1;27;994;
14;1;25;1058;
15;1;29;1131;
16;1;19;1198;
17;1;40;1257;
18;1;16;1342;
19;1;19;1401;
20;1;11;1480;
21;1;33;1526;
22;1;33;1590;
23;1;32;1659;
24;1;18;1732;
25;1;22;1793;
26;1;15;1851;
27;1;36;1910;
28;1;12;1979;
29;1;11;2041;
30;1;34;2109;
