**** 3 ****
100
36;36;1;2;
25;37;1;2;
44;20;2;1;
30;34;1;2;76;
33;25;2;1;
37;48;2;1;60;
49;20;2;1;
49;38;1;2;68;
21;32;1;2;
20;41;1;2;
28;43;2;1;
31;22;1;2;
32;23;1;2;
33;43;2;1;75;
50;40;1;2;60;
27;23;2;1;
41;20;2;1;
41;30;2;1;
36;20;1;2;
50;33;2;1;
41;37;2;1;79;
26;28;2;1;
26;33;1;2;
23;48;2;1;
45;20;2;1;52;
44;30;2;1;
30;46;2;1;
27;23;1;2;
37;27;2;1;
33;25;1;2;
25;20;1;2;
39;27;2;1;53;
36;29;1;2;
24;38;1;2;
41;28;2;1;
27;30;2;1;
21;30;2;1;
48;37;1;2;
39;49;1;2;
50;34;2;1;
48;35;2;1;77;
46;39;1;2;
32;31;1;2;60;
29;35;1;2;
25;48;1;2;
22;49;1;2;
22;37;1;2;
31;38;1;2;73;
40;24;1;2;54;
26;26;1;2;
50;25;1;2;
29;44;1;2;
49;27;1;2;63;
37;44;2;1;
49;27;2;1;
25;33;1;2;
27;49;1;2;
37;36;2;1;77;
32;35;1;2;
36;43;2;1;
32;27;2;1;
47;29;1;2;
44;36;2;1;
37;21;1;2;
27;30;1;2;57;
33;27;1;2;
40;32;1;2;66;
25;34;2;1;68;
28;42;1;2;
38;46;2;1;63;
22;43;2;1;
35;28;2;1;
41;31;2;1;
22;44;1;2;
41;20;1;2;73;
49;45;1;2;66;
32;43;1;2;
31;20;1;2;
43;22;2;1;
48;31;1;2;
41;43;1;2;
28;26;1;2;52;
41;34;2;1;72;
25;49;2;1;
47;26;2;1;56;
38;25;2;1;
20;39;1;2;64;
34;26;1;2;
27;43;1;2;
23;50;2;1;
32;46;2;1;
49;29;2;1;
47;50;2;1;
30;28;1;2;
31;49;1;2;
28;25;2;1;
31;48;1;2;
49;31;2;1;70;
34;49;2;1;51;
30;25;1;2;
1;1;23;50;
2;1;13;112;
3;1;19;183;
4;1;17;239;
5;1;16;289;
6;1;26;340;
7;1;10;420;
8;1;29;465;
9;1;16;530;
10;1;11;602;
11;1;12;657;
12;1;23;721;
13;1;26;782;
14;1;14;842;
15;1;17;915;
16;1;10;966;
17;1;16;1009;
18;1;19;1067;
19;1;19;1138;
20;1;11;1193;
21;1;27;1247;
22;1;17;1333;
23;1;10;1405;
24;1;11;1460;
25;1;13;1514;
26;1;23;1565;
27;1;17;1620;
28;1;21;1682;
29;1;11;1736;
30;1;16;1783;
